DC1 DC2 DC3 DC4 DC5 DC6 DC7 DC8 DC9 DC10 DC11 DC12 DC13 DC14 DC15 DC16 DC17 DC18 DC19 DC20 X1025 X36 X920 X40 X0 X0.1
-0.0536675792074388 0.10216114964017 0.0160300650319763 -0.0690857386694343 -0.150072983296222 -0.0938346107751912 0.0682914482160045 0.177134246191846 -0.125885139522457 0.103143110275909 -0.0272955016773851 -0.0201114224096324 0.013255221914804 0.170813791042839 0.0463652714068468 -0.0757827981991512 -0.113030752408325 0.10515990276735 0.00424985493551655 0.00412903335968286 945 44 194 474 1 1
-0.0567930294473941 0.108667313169011 0.00538994609254359 -0.0633128820302816 -0.14195238350512 -0.0940608949379569 0.0721591229733941 0.198517900386454 -0.100673662439337 0.0978825696630742 -0.0304909845827536 -0.0272687541119358 0.0204990888969315 0.0849047394333809 0.0243424955220394 -0.0730433235065654 -0.0477357471133759 0.179696433389248 0.00278903021593224 0.00546112562686287 947 42 178 488 1 1
-0.0831451679539189 0.16302721563484 -0.130608489076456 0.0545147906851322 0.0890279823790671 0.0248325991124394 -0.01153245017219 0.00229209201071284 0.168949498375379 -0.088385725836651 0.0220299669067612 0.0229386674301325 -0.0243967947443874 0.0901120582701251 0.010704449474839 -0.00505531887779758 -0.0314200873172025 -0.0194960248215885 0.000893935281119335 0.00018125209709427 976 55 133 609 1 1
-0.027666898015879 -0.0174210506635889 0.121487753759622 -0.082172833800908 0.0933784576444412 -0.0173239155914772 -0.190120863642823 0.00229191869575063 0.124312977864786 0.239573944889732 -0.0365879427240106 -0.0366524075218609 -0.0829299264176661 0.0152799617119085 -0.325436017366799 -0.0590860595179796 -0.0810397802484824 -0.013320114779781 0.0210097142344674 0.00425081093948558 955 40 298 279 1 1
0.037043105585417 0.00417708211918537 0.109121140481419 0.0863672524133949 -0.0166735217989911 0.188751794035482 0.11409813350172 -0.000751700022704751 0.0186662884047102 0.00368376555715963 -0.0446883463352475 -0.147682400144797 -0.0839820609426133 -0.0132643961979065 0.0527733846001536 -0.310442257157359 0.107022458403303 -0.108370828827227 -0.00175124951457632 0.0443595320837525 800 74 231 321 1 1
-0.04731521405999 0.0915708282468574 0.0326234442122388 -0.0666796506148746 -0.143638533819248 -0.0618762073715031 0.0461777511122235 0.0363640456897681 -0.0964920858468869 -0.048104505900507 0.0451681266643281 0.0695850233621818 -0.174940482832311 0.0261727172767527 -0.171754304443472 0.0602569407154313 0.474508243256974 0.210793040398844 -0.0126779637328508 -0.00511411158008866 872 63 180 479 1 1
0.225099741703089 -0.00897038953221975 -0.147246636036304 -0.231705581995207 0.0289830425779392 0.0986570743726407 0.03697787212928 0.00674574426373743 0.00297402968892151 0.0146316418988481 0.0200550207717195 0.0236922606625678 0.00822262984665117 -0.00141073725010326 8.34589224791975e-05 -0.00444136686654191 0.000800039387834297 -0.000651805486006031 1.05981356991298e-05 0.00564999214294121 624 117 31 34 1 1
-0.066559368948267 -0.124377920910695 -0.0229234528512219 -0.0192692759018839 0.0831474254330531 -0.111779487401143 0.177662273845566 -0.0652628538471131 0.0127863741584639 0.00880821954025073 0.00473444708902731 -0.0188049590169672 0.0236699365608259 0.00795052350255656 -0.0511322660572191 -0.00927005530811882 -0.0140143741070933 -0.000324794799308454 -0.138258762616395 0.0039684006772832 896 41 473 188 1 1
-0.0256370364646478 -0.0397601879811424 0.108329732316777 -0.0578857706267137 0.143930117332147 -0.01381318550825 -0.125281484043916 0.0978775501188466 -0.0357757639947104 -0.0198593766251751 0.000894533003286201 0.0633778199902625 -0.0986393226452543 -0.0329287885050242 0.182921577683524 0.0235198370005622 0.0248087126729464 0.00222320708215271 -0.0309805937952413 0.00137142799264013 908 61 345 277 1 1
-0.0709342816842396 0.137846256442963 -0.062965186010847 -0.0106486698804115 -0.0445490869830121 -0.0568707925136925 0.054984426378111 0.212241209151829 0.146461712742191 0.0108947428549413 -0.0370163166962261 -0.0656131884565512 0.123454219425212 -0.435892122184388 -0.00690388725547589 0.0570981620149034 -0.0175661695705132 -0.143403648870134 -0.000416563956660399 -0.00221739875474737 1004 47 152 543 1 1
0.225157961124869 -0.00897611213457577 -0.150228372069079 -0.243474963866904 0.0307977920935993 0.109305796039296 0.0421179881217043 0.00804959821142208 0.00408411364103897 0.02084432375422 0.0305496624103546 0.0380572528206018 0.0140387875452084 -0.00262370078972715 0.000206345716119419 -0.0149223835489803 0.00382855808588428 -0.00387818873348831 7.88009475804967e-05 -0.0757657425539912 613 133 12 10 1 1
-0.10162414217481 -0.192850447171489 -0.149594072512641 0.0508570460150799 -0.155786859805613 0.126270572934168 -0.178992373983251 0.0659563904219806 -0.0315166693018618 -0.0451695664864071 0.102628574070095 -0.0680248217411349 0.0373454066988968 0.00909825732621183 -0.0408631261569678 -0.00827289144506404 -0.0191787829205692 0.000454426172106387 -0.510241633071105 -0.00115296588223842 942 54 668 119 1 1
0.0322052327227714 0.00246107757604841 0.10898395238481 0.0763722297208376 -0.00927356661411962 0.181171053180415 0.101929727103309 0.0023687027612308 0.0127561510657471 -0.0138574996875554 -0.0650614344278071 -0.138334986948245 -0.0572068847083904 -0.00856952591787798 0.0417557708449217 -0.294257793215825 0.0939570240803604 -0.0836433158393251 -0.000959837419433341 -0.0209844880555954 818 73 256 310 1 1
-0.0264517403196862 -0.044288784097922 0.105168921057847 -0.0545421704213799 0.149409422560171 -0.0160434571816011 -0.108024199714862 0.104652825965244 -0.0571129654208845 -0.059091030459551 0.0113539425665078 0.06645162665683 -0.0782118204680588 -0.0323228908835006 0.220474314014672 0.03354067766703 0.040300530969321 -0.000782032844417653 -0.0268320426153791 0.00426781706703 902 51 352 263 1 1
-0.071867297255363 -0.13514587550177 -0.0595874088488142 0.000362845871637454 0.018811463879428 -0.0656977223616726 0.129442713763092 -0.0646990217153604 0.041614961857197 0.0606816202882064 -0.135540963565436 0.0875301947261477 -0.0468319337520096 -0.0105000561724583 0.033177490553559 0.00418122451885623 0.00467954607319284 0.0001119647369939 0.0144183704902242 -0.00168532695199322 1010 34 519 150 1 1
0.0325448249715935 0.00486903362986096 0.109402184124025 0.0765715485466978 -0.0171233637102093 0.182272135730825 0.105398718833487 -0.00782981836412677 0.0182741894704122 -0.00835092815834604 -0.055296545182622 -0.148538088018691 -0.0722888308675949 -0.0162056864339006 0.0552742435111967 -0.337544292299304 0.105691233045663 -0.0986557320282389 -0.00139145644277652 0.0123246594882271 817 75 240 317 1 1
-0.0977173157797835 -0.185193378185733 -0.134192058075791 0.0409766688094084 -0.120351211524846 0.0827398546759485 -0.104352410959493 0.0310200248248017 -0.0059441175820264 -0.00575108865836581 0.00270291949145129 0.00302541386573523 -0.00436248598497732 -0.00186358985440085 0.0167456053058416 0.0044091194268098 0.0116515877136683 -0.000290748792920344 0.331996730657169 0.000801984743630144 960 53 599 135 1 1
-0.0610033367521659 -0.112054542886171 0.0238846461445146 -0.0417384395022979 0.146096686144355 -0.128363625668555 0.144206573247439 -0.017090527874713 -0.0522136901889193 -0.0910893993177975 0.279245890509992 -0.204383531054776 0.110832524046815 0.0274882029464215 -0.0889394355706729 -0.00911224852932752 -0.00597765211854604 0.00061656747030623 0.0883268915375433 -0.0014571758363857 950 48 420 225 1 1
0.150475982493425 -0.00583800522448883 0.0196852534264822 0.189464003324388 -0.0272610078797579 -0.0865452053049688 -0.0174249909989956 0.00460831950118455 0.0177721130107981 0.110541038312313 0.209355062643674 0.300708736777784 0.12499749402461 -0.0260761086918081 0.00216837021498741 -0.162479873596006 0.0369031252319605 -0.0343636480090629 0.00066369107722023 -0.189808242997348 709 95 192 145 1 1
-0.0766157954050508 0.149805768283681 -0.10233087478081 0.0294316271356007 0.038264781917252 -0.00463895055874955 0.0122840617334908 0.0746809872523997 0.177792301708056 -0.0702045482399621 0.00886449525223616 0.00269236447045379 0.0069111701338218 -0.0474639455454064 -0.00451114042496409 0.0140708412536179 0.0151379914815448 -0.022869937484433 -0.000714090085418808 -0.000879637644688421 951 39 143 568 1 1
0.188169666237533 -0.00738853108723597 -0.0323615626216658 0.141648419107055 -0.0261252340831023 -0.185084088609159 -0.0901228875058988 -0.0219431877051576 -0.0147887931693279 -0.0773402463733742 -0.11535918650311 -0.14316461775617 -0.0518687723297728 0.00928770149906749 -0.000584147999393576 0.0314953474064245 -0.00564782611996358 0.00458979142457581 -7.48249266509686e-05 -0.0289032501103995 708 102 111 109 1 1
0.226491146659069 -0.00902915592443853 -0.151027120873379 -0.244554832749617 0.0309242737039447 0.109623769683872 0.0422081336193621 0.00805675690857369 0.00407361125782164 0.0207734120831769 0.0304017123256429 0.0378319800081685 0.0139392732222412 -0.00260110281627147 0.000203697116309325 -0.0146806105913625 0.00375591791254187 -0.00379968466801814 7.7124098153684e-05 -0.0736736237750747 605 133 21 12 1 1
-0.0515257729158499 0.0981661430336595 0.0119134873026604 -0.0632811869174867 -0.13835665067568 -0.0882389671873903 0.0648447893216375 0.172926514759064 -0.10818438430853 0.0969620805320962 -0.0279189718858026 -0.0231837812511953 0.021354174083308 0.13266040211205 0.0438706242146822 -0.0675773055605272 -0.106407393324066 0.0918866623481382 0.00391682217784952 0.0038301963259305 956 40 168 466 1 1
-0.0450570204191346 0.0835346994008815 0.0486024506685375 -0.0796615104497458 -0.15355698106888 -0.0719684472455382 0.0352429078957301 0.0486107074332496 -0.112148424547774 0.058440822642538 -0.00406297947715929 0.00668146677711184 0.00989065910726768 0.234678784610634 0.07652358869765 0.0237741157148366 -0.177514053381298 -0.313572149950984 0.00247036696746376 -0.0072255142238285 941 42 201 428 1 1
-0.0839482983610907 -0.157830517123747 -0.0667078872218011 -0.00232494944394094 0.0329115091524333 -0.0932149005558039 0.182372672172029 -0.091546465522909 0.0613054534186895 0.0901160115941193 -0.208108707140482 0.136368233181197 -0.07226655753029 -0.0164362466113954 0.050864125330394 0.00567878463224732 0.00417886484721648 -5.26871803135357e-05 -0.0771343639287669 -0.000799094951681042 947 44 520 159 1 1
-0.0241120104814705 0.0481643762384946 0.0975329702037807 -0.0682261471535836 -0.125195205868222 0.0100307075237844 -0.0141299786027981 -0.202213010621034 0.00999173789393081 -0.13493181653124 0.0487943612295637 0.0465294608459893 -0.0562948475755586 -0.127735530311005 0.0187324804689653 -0.0305643590366374 -0.170454202488626 0.0694058553357649 0.00518651559202895 0.00220862710318374 872 68 235 381 1 1
0.190166946044732 -0.00748046071411643 -0.0427563684227801 0.112166967334246 -0.0221053696309464 -0.171379674745033 -0.0861831803690125 -0.021920772199245 -0.0165115916629832 -0.0887569182283108 -0.139114716292734 -0.17950252431319 -0.0679985750023126 0.012959669484907 -0.00100412377402451 0.0680819171524267 -0.0160195368366589 0.0154481514435997 -0.000300416567125464 0.196598552123138 699 99 89 95 1 1
-0.038581726332973 -0.0720140527564607 0.0497033153627264 -0.0356526088595879 0.125260580873422 -0.0626198009586806 0.0439770540126519 0.0326687002618917 -0.0610386112253997 -0.100879781515862 0.117650973398886 -0.0602887874139577 0.0687776859901831 0.0104253718870598 -0.000470275791912928 0.00410842803683067 0.0105368600386322 -0.00427585562936294 0.03474142247428 0.0108880310467054 894 54 395 220 1 1
-0.0911421130810751 0.179197292825101 -0.165393092705912 0.0886249183147956 0.16120634948566 0.0756367178864858 -0.0589991776321524 -0.192249147203012 -0.371458341966386 0.169322924532928 -0.036062172048725 -0.0350846075500437 0.0388596279451927 -0.115438080129223 -0.0050729419174344 0.00589392926082283 0.00623563071436484 -0.00533943108396181 -0.00020046402266874 -0.000144038125902867 935 59 97 679 1 1
-0.0347229871953152 0.0627820385618242 0.0724318189508669 -0.077189366577001 -0.134115435448417 -0.036339703589282 -0.000274126799155668 -0.0782232305390365 -0.0454625031793167 -0.0123578828273358 0.0159004016020146 0.0216765565577278 0.0111872258765393 0.107886169393036 0.0536368426192897 0.0638331018029871 -0.0859918538841242 -0.262158696345156 -0.00063184755578738 -0.00660033981695995 919 38 220 405 1 1
0.227677751980224 -0.0090739354040442 -0.149631963647832 -0.237127414992641 0.0297415210084588 0.1022791939567 0.0386003343363095 0.00712535544669494 0.00326106106302607 0.016208831334849 0.0226476166198614 0.0271790398206667 0.00961027864366513 -0.00169433416215953 0.000110839667523001 -0.0066983993971235 0.00143487682207875 -0.00131988951006602 2.45800286752618e-05 -0.0100184888640051 621 119 34 28 1 1
-0.0808804953326745 -0.151867282459634 -0.0575142883496667 -0.00667662792836842 0.0467366131631534 -0.103100884408896 0.192441668013297 -0.0916444576588761 0.0545197733911651 0.0778724736507484 -0.17063283612516 0.107220698256053 -0.0540871957291328 -0.0114483246703857 0.0266151265017057 0.00167448786173838 -0.00155412989675277 4.67241436682431e-05 -0.120963420005097 -7.63097244424013e-05 947 41 506 166 1 1
-0.0999901073727685 -0.18958210228526 -0.140501552474458 0.0445004782323828 -0.132635380884471 0.0967999106126272 -0.127671269547917 0.0414397760627659 -0.0127407013345209 -0.0159396355597972 0.0272628246759984 -0.013765072581081 0.00506509601093544 0.000463574511775211 0.00681612153527911 0.00266297986241066 0.0083655869004276 -0.000223786370835009 0.265871146376649 0.000836569066618448 955 43 608 123 1 1
0.0467605748325622 -0.00420698045158361 0.10776433975447 0.107927947641343 0.00709911930240676 0.195386440933123 0.120277461404431 0.0467499760665795 0.000763056343380025 0.0197956874410893 -0.0375722973385677 -0.0807074643484085 -0.043998326274707 0.0286411173850193 -0.0325265334601537 0.262197431515414 -0.0703925679663525 0.0636607087802304 0.00110676471022448 -0.232709896871451 777 69 281 258 1 1
0.227011186443764 -0.00904909509076766 -0.150687578942934 -0.242381933008785 0.0305729999639417 0.107388200921202 0.0411022892078122 0.00776940422663874 0.00382113203250398 0.0193540866766222 0.0279888647299025 0.034516342633061 0.0125919138357995 -0.00231897392652963 0.00017487893718427 -0.0122119490625492 0.003040801666684 -0.00303719314657435 6.09964631814294e-05 -0.0544009258592898 621 138 26 13 1 1
-0.0277616202158244 0.0299018885657739 0.104456453634982 -0.0826793527265086 -0.0581929914853757 -0.0103167054187093 -0.0986454762886303 -0.14599116226495 0.120150380842158 0.137688421616528 -0.0582623897955071 -0.0830652605350047 0.291096287419125 0.129067937691102 0.0861357522553277 0.184018345330069 0.334094628710584 -0.235460689532064 -0.0142575122969075 0.0054363608959944 997 52 250 359 1 1
-0.01830911870228 0.035308223684145 0.104071664877353 -0.0581126214275779 -0.0911345068006656 0.0281468199090105 -0.0339656880233925 -0.189670619520419 0.0645276402116519 -0.0521052443161044 -0.0067272752994514 -0.0258777394463483 0.106835822466438 -0.069444423791299 0.115989779913694 -0.0789276814502385 -0.113921290669456 0.229665035443469 0.00106019612741862 -0.0029220246675334 889 58 232 341 1 1
-0.0932972514244737 -0.176955791493097 -0.133657232858963 0.0436515256729551 -0.131711643736971 0.100939243111799 -0.137916373518615 0.0477793865922332 -0.0189472153324541 -0.0258423540434555 0.0536237159800873 -0.0330049747318049 0.0165736419720463 0.00355099211945263 -0.00965542757122138 -0.000866082973620721 0.000222706051110952 -2.36517541241559e-05 0.0589054573728718 0.0004565999181757 1004 46 626 121 1 1
-0.0216007368977859 0.0326367094255378 0.114382181098761 -0.0694865429323654 -0.0804915449412556 0.0230061617937756 -0.0627244630437258 -0.200389913802387 0.0963181553871848 -0.0107919832499339 -0.0297690883805643 -0.0447814408292744 0.189848730837159 -0.0450354058341957 0.134813293623481 -0.0652919744563088 -0.0892754164310169 0.313815055579434 0.000201092556761842 -0.0057540741507495 900 66 265 347 1 1
-0.0651418733552013 -0.120511233612074 0.0032239687036716 -0.0337618726241389 0.125420810558709 -0.131275667353052 0.172828592468804 -0.0419826297411468 -0.0304494262144309 -0.0605548602832685 0.219382955019303 -0.173506971427803 0.100247208531819 0.0272581642029562 -0.11355841744756 -0.0152321456815769 -0.0159427795455114 0.00113652839894957 0.0381965986765935 -0.00209452407097974 978 53 448 219 1 1
0.172288840138149 -0.00674650934882321 -0.0184928658192936 0.152293394775761 -0.0262923951542369 -0.162517007528535 -0.073812184944483 -0.0160879371715744 -0.00762629965551326 -0.0360136118755578 -0.0436736142092358 -0.0448524650364502 -0.0125163978750078 0.00132796137857197 0.000130211161893768 -0.0163287728631444 0.00571410388646722 -0.00636275436009128 0.000132752541624427 -0.170315854668701 705 98 109 146 1 1
-0.0344838205032984 -0.0573476847355474 0.0770810450017299 -0.0534925398712469 0.141802267295861 -0.0544634947838924 -0.0471237920546972 0.0640227202083277 -0.0408838414771222 -0.0326325587142883 0.134509025220867 -0.0445337364954436 -0.0651236156602883 -0.0228815294690647 0.173281946629295 0.0289127313643024 0.0327685760609688 0.00262187175386106 0.0293848556605238 -0.00886068000388487 931 37 376 265 1 1
0.199910438383917 -0.00793870127789037 -0.107008427048267 -0.113323220182553 0.0115870334012075 0.00687915317381604 -0.00541172703980992 -0.00341871945141924 -0.00471026679884327 -0.0273027451694225 -0.0478387176377928 -0.0664079488758541 -0.0270676017597487 0.00564061920170324 -0.000551329399610141 0.0447642159677684 -0.0123148099873574 0.0128010423875928 -0.00026499458182942 0.274000994920345 643 141 62 62 1 1
0.179860977878668 -0.00705206677508556 -0.024302572237599 0.149611623449187 -0.0265257947268823 -0.173779160736496 -0.0813586897945102 -0.0186069935240315 -0.0102965703826291 -0.0508673175953645 -0.0678085298416811 -0.0762270305935825 -0.0243044539021975 0.00351278389196542 -3.88320736263605e-05 -0.0103026471701001 0.00494380055260955 -0.00591366052462481 0.000133979887183487 -0.173704254388655 677 103 125 130 1 1
-0.082124624323362 -0.154342710541888 -0.0629833315639075 -0.00376329937748379 0.0372912765308745 -0.0957410198119677 0.184303716390738 -0.0908542072908358 0.0585564372940871 0.0852702422201215 -0.194374967273633 0.125850381023859 -0.0654793490964799 -0.0145997351745524 0.0417904628915881 0.00412920302430202 0.00187537511365287 -6.48715975642262e-05 -0.0972076156705679 -0.000183755753886747 936 48 518 162 1 1
0.0392643014113123 0.00268280886257839 0.10867796936382 0.0916190372344484 -0.0130076921865815 0.193005748246803 0.117670187000293 0.00658462015085424 0.0185621727515375 0.00947901272402973 -0.045749421782044 -0.14986699218718 -0.0829344447319347 -0.00825033697381602 0.0514096329995479 -0.299659995636427 0.109316919360556 -0.108859671169596 -0.00188313280077184 0.0410897198480183 808 76 222 305 1 1
-0.0287872129875584 -0.0422562363095112 0.110973552251354 -0.0659105976148671 0.152617537322069 -0.0255465516547504 -0.140601047985547 0.0984389694310294 -0.0223757227387346 0.017479166000792 0.0368122640221715 0.0445982708599324 -0.15489833110992 -0.04514475975614 0.246631179146817 0.0340112320603467 0.0318831599012252 0.00468650526143724 -0.0362858372560618 -0.0095457038645043 918 47 340 268 1 1
-0.0904493078222261 0.177839719431088 -0.164354213777741 0.0882403598207822 0.160624089350137 0.0755658444871628 -0.0590458273348672 -0.192946953354462 -0.375750524777391 0.171600531154682 -0.036665836457832 -0.0357578681476846 0.039705230320353 -0.118377030318663 -0.00526511071217888 0.00614999674209729 0.00661317707199121 -0.00556315031038946 -0.000213625487001873 -0.000154731351422397 935 51 97 691 1 1
0.125448778072017 -0.00480323412793466 0.0385577623672789 0.174346624613894 -0.0220599446052894 -0.0168188425966277 0.0216149065468348 0.0146734418823049 0.0213837888897127 0.119797966645172 0.19300147072607 0.245409250710763 0.0888317857489253 -0.015427996792722 0.00103629184409601 -0.00152528167354805 -0.00759202968348837 0.0107789980392189 -0.000314291292129597 0.285502977217078 727 96 153 197 1 1
-0.000486865007009943 -0.0242606483934222 0.113994648908381 0.00360812228579534 0.0909877296909198 0.0872463848012109 -0.0194929447560152 0.091781282531102 -0.0963959818400863 -0.202126177769088 -0.185526959621132 0.11933060865864 0.170489295012198 0.0292102492381742 -0.129234142218535 -0.0400353918447936 -0.00983992038438222 -0.00309768635519183 0.00397764791578533 -0.00109208883732001 851 74 312 280 1 1
-0.0960411512497323 -0.182265281911927 -0.141761779928146 0.0483861628895148 -0.14843730577512 0.120962097666066 -0.172058088896193 0.0637548817518204 -0.0309289501152805 -0.0444848075823487 0.101692164400733 -0.0677057080599518 0.0373456340178785 0.00915348627520626 -0.0417562144521235 -0.00854639527270645 -0.0199666810833441 0.00047519452851371 -0.534074507412747 -0.00122246864048538 951 42 692 106 1 1
0.225861932460033 -0.00900414600714425 -0.150671401486638 -0.24412863829598 0.030877396324409 0.109547626382985 0.0422008439499479 0.00806213600801947 0.00408555430219829 0.0208453103687285 0.0305344378788666 0.0380222626419614 0.0140192697058515 -0.0026183846981898 0.00020553522747786 -0.014838689954425 0.003801305226207 -0.00384773705635397 7.8133277271425e-05 -0.0747999322947929 603 130 18 14 1 1
-0.0961953987839811 -0.182376711935466 -0.134750743327159 0.042481712189807 -0.126393410201795 0.0916347117435629 -0.120321893174742 0.0387619685420513 -0.0116417269647381 -0.0144734778525451 0.0244229897991822 -0.0121895335637414 0.00442662711001429 0.00038650488583328 0.00587113332291489 0.00219791724730435 0.00666726364303725 -0.000179807803646609 0.205140623201512 0.000611365887463917 938 38 611 127 1 1
0.0496634167552382 -0.00467063411838207 0.107867042747053 0.11291817597189 0.00758732106090701 0.195494551511805 0.121864618291459 0.0498844633728936 0.000885949471914145 0.0266985181166284 -0.0288832026137209 -0.0692253399602983 -0.04074759188985 0.0312874758664106 -0.0383967164445677 0.320160959788814 -0.0887397952929102 0.0814616492891131 0.00126394557222233 -0.233911116459286 777 87 282 236 1 1
-0.0854199575229398 0.167534311080069 -0.135446226440069 0.0577109137532368 0.0951217525201083 0.0282667521233214 -0.0141324617281031 -0.00570284404257609 0.188874580234829 -0.106812832613376 0.0301848247676667 0.0346147582730511 -0.0448287586168994 0.153381399382478 0.00784576376223713 -0.0125600863086432 -0.00795965595855665 0.0195291758743515 0.000301539818495687 0.000380069549503701 937 32 133 598 1 1
0.0515086706162085 -0.000152734976932319 0.0901873084640158 0.108238387512977 -0.00994475087700674 0.160698814420411 0.10820893435314 0.0212877107633362 0.0195524526019469 0.0534964662924647 0.0192263146445781 -0.0591875566549096 -0.0537567103732636 0.00261840196087145 0.0248310175936143 -0.037638194432624 0.0297059037683793 -0.0326787804016339 -0.00162659158407314 0.17253512227769 752 85 197 302 1 1
-0.0914983744611165 -0.173188170644391 -0.117107244151263 0.0315527300462329 -0.0876419029538104 0.045908133213372 -0.0439149603370642 0.00450401688405735 0.0103877441529857 0.0183476343509061 -0.0537420991611319 0.0406926406299023 -0.024886505966275 -0.00671734098528075 0.0342335519927056 0.00680044284466456 0.0144338547428956 -0.000326420247383025 0.336356775508776 0.000333135928983392 956 46 580 139 1 1
-0.0901269480465377 0.177186805168837 -0.162835326938893 0.086696127273987 0.157316774403875 0.0731612834990021 -0.056733689676501 -0.183087004357373 -0.343358459108091 0.155228401017309 -0.0325616555765374 -0.0312958944212463 0.0341219457522255 -0.0999118054133429 -0.00436491143224576 0.00461708886082715 0.00558479836844256 -0.00310508319577065 -0.000171137444302763 -9.6615213005774e-05 924 40 110 671 1 1
-0.0268087189649243 0.0560078264093796 0.0822722023804807 -0.0657130139539917 -0.13633047264284 -0.00461128102401517 0.00941793936858253 -0.158152117361134 -0.0418613029784712 -0.15605708106088 0.0762400417010534 0.0868348904259082 -0.181221190846316 -0.1138144545898 -0.0923826105571247 0.0292227642957702 -0.0275246510211003 -0.107703693703779 0.002944331128743 0.00501262560615343 842 67 199 402 1 1
-0.0275428668884545 -0.017829128700641 0.122108688642143 -0.0812968405577958 0.0940644260684109 -0.0159055812364311 -0.186818468497636 0.00387354690601371 0.116274847315947 0.222042969552228 -0.0352018321123248 -0.0302780844501948 -0.0829608606834069 0.00818307971737343 -0.287112125446134 -0.0604449100613839 -0.0850549456221124 0.00810660460711467 0.0167119852557269 0.00318000834766693 938 55 317 306 1 1
0.192110531560572 -0.00755176139072034 -0.0393064728168819 0.125362977428662 -0.0240054050998316 -0.179269183451162 -0.0889827641546017 -0.0222394382658327 -0.0160302220151679 -0.0852461572779164 -0.131071349317243 -0.166622545451658 -0.0620671188569517 0.0115609854545916 -0.000836474371497502 0.0527655965528968 -0.0116084963068893 0.0108079082160085 -0.00020324543311309 0.101643897824583 684 116 110 105 1 1
-0.0224190164569176 0.0459423186740574 0.0984864206856462 -0.064708025731162 -0.120274728339561 0.0154278512857753 -0.0140421254351083 -0.200970030778131 0.0163192689663374 -0.128877317537708 0.0427842338369702 0.0368485333877241 -0.0427033880056768 -0.127363520126038 0.0309254764522455 -0.0478205937728701 -0.173242379371307 0.0946368324697834 0.00514028171286192 0.00254627421428111 868 65 234 374 1 1
-0.0789509123466735 -0.148774315804609 -0.0753116291696622 0.00718199802602692 -0.00256424248564895 -0.0494838509814874 0.110810864417916 -0.0615488611119643 0.0471118309010633 0.0709193480524 -0.170722394541364 0.115229046387346 -0.0629598377259592 -0.0149692260704754 0.0537587974019781 0.00738782003072001 0.00929231599348028 -0.000199567673851411 0.0627658964546457 -0.000550255883891644 928 37 552 159 1 1
-0.0184530902354975 0.0250682198356977 0.106701303713624 -0.0599624001145698 -0.0586241838984379 0.0254489912518626 -0.0613990861569636 -0.16518719395427 0.0868668144724706 -0.00255211315035972 -0.0374316788330215 -0.0407097894567497 0.1682389894177 -0.0370246757742144 0.0968760737201816 -0.0749021782786926 -0.0821768394147625 0.28883849957252 0.0015865801143403 -0.0051110468660848 889 56 287 347 1 1
0.198685967504688 -0.00783897039953501 -0.0636471157091969 0.0486746859175491 -0.0129029988995709 -0.126892252007551 -0.067081366972408 -0.0179293438905342 -0.014708554148261 -0.0804330997943241 -0.129771512957983 -0.171060461351555 -0.0663241399292488 0.0130356550378268 -0.00110765818142803 0.0813405278745853 -0.020664917264174 0.0207187364807049 -0.000416415099719216 0.358298575233521 668 116 87 82 1 1
-0.0244634911577702 0.0374419847288683 0.105700491607358 -0.0743959559998018 -0.0909712240142485 0.00810652609020696 -0.0599409590724482 -0.192049006700338 0.0859581482260052 0.00525803443232572 -0.0250497709862976 -0.0424048918247785 0.204801389287737 0.00205986072293089 0.1460190771567 0.0165954882768623 -0.00302648240871491 0.140832205013759 -0.00470600813829458 -0.0044598906024969 916 46 252 367 1 1
-0.0298660598156013 -0.0438476909811278 0.106262302520755 -0.0659459095807997 0.151306353739295 -0.0319856375550476 -0.132511928499487 0.092504362557296 -0.019096431148898 0.0244373956865208 0.0599880028977132 0.0253855083792165 -0.158529295193953 -0.0449012217646125 0.247664831219672 0.0352174225400692 0.0324876456136986 0.00468630692971742 -0.0256635112149363 -0.0133104569442761 926 37 346 267 1 1
-0.0118078599958001 -0.0366199649558746 0.109067856081129 -0.0168354959060459 0.123921051467239 0.0500204558634149 -0.0420368402411917 0.11685235152085 -0.128033046481722 -0.246933290418166 -0.176796696206846 0.163832557393263 0.19584056897515 0.0305840849821963 -0.119697892355752 -0.01413894771867 -0.00339061089487398 -0.019125174141791 0.00597054587566729 0.0415564612261597 860 58 342 245 1 1
-0.0654361647164474 -0.121158291893908 0.000988732839140045 -0.0327229285591282 0.12257545627581 -0.13065296353141 0.174589091255326 -0.0441881871609867 -0.0278207596944496 -0.0566396518679037 0.209022308364687 -0.166793396948439 0.0973336321805747 0.0266607111111464 -0.113052430427596 -0.0153781934233433 -0.0163705783245806 0.00111983813494584 0.031744872179784 -0.00198233906936693 979 44 442 203 1 1
-0.0853914515782327 0.167550141785197 -0.138345228983789 0.0616133393604889 0.103748257816056 0.0349719273226721 -0.0204944058030982 -0.0322910521799139 0.124423101933459 -0.0788456204957767 0.0251476389488496 0.0307139413719171 -0.0430682871947636 0.146539336055917 0.00510572783010329 -0.0136275906688583 0.00175024931815587 0.0315468038035626 6.97752300877647e-05 0.000447425254988321 917 44 132 611 1 1
0.148161999567028 -0.00574985953231677 0.0192380119486591 0.186437010713684 -0.0268410567093881 -0.0855858841497167 -0.0174033596637703 0.00447181013531568 0.0174599291332069 0.10874358559601 0.206273647734432 0.296632883025234 0.123456040227385 -0.0257806408667492 0.00212330237922307 -0.161929257047236 0.0368939170547233 -0.0344167110372859 0.000668921403994427 -0.194185440291158 704 101 197 144 1 1
0.0609169197679251 -0.00282421318771501 0.103878226344709 0.129907212186304 -0.0030389694998381 0.189563592454996 0.127551522445007 0.0419436792406246 0.0148677044253264 0.0653324283796032 0.019754551297994 -0.0469652598377046 -0.0478092414731169 0.0230441387756851 -0.0159582463864391 0.28230578125037 -0.0737386500727078 0.069227106038008 -7.37974885819848e-06 -0.0355796627267209 769 92 238 245 1 1
-0.0512982106448988 0.0976747447159855 0.0143375073117051 -0.0650354415387808 -0.141469878743721 -0.0887640539551069 0.0647237237643574 0.168767060881086 -0.115618797641989 0.0964997612063235 -0.0259802264257818 -0.0196629220664421 0.0139100774239458 0.151987101670634 0.0420316689730809 -0.069139255707504 -0.100850764131158 0.098294116544392 0.00381190683695821 0.00378909846090402 948 45 208 481 1 1
-0.0689648808943255 0.133889390537179 -0.0567343952933109 -0.0152343850715967 -0.053235424847419 -0.0609661928517655 0.0576674435759027 0.21758761400593 0.131991887763637 0.0197166194705545 -0.0392269538574359 -0.0675420223487588 0.124989992647198 -0.43293485724248 -0.00564737407355352 0.0534841773467945 -0.020394032238994 -0.134851275539097 -0.000264404462541127 -0.00193790306433506 1010 41 166 536 1 1
-0.0458518906222897 0.0852012595286018 0.0421323712584837 -0.0771292664963762 -0.150854423514729 -0.0761887162337696 0.0404572566540594 0.0746989070712463 -0.116328085943906 0.0744759262826545 -0.0113247570316065 -0.00158385640825245 0.0194025588265814 0.242086633159052 0.082122054777764 0.00591666715300155 -0.186949334398165 -0.269096582876214 0.00312691421902567 -0.00575316377739139 951 44 200 433 1 1
-0.0302238654165222 -0.0474571647152856 0.101407111427122 -0.0612438503141795 0.15233725156487 -0.0329778830328839 -0.111122605684181 0.0942662660236606 -0.0377128471486106 -0.0140640167984213 0.065505415952211 0.0260081152492006 -0.126097643004657 -0.0406737650073925 0.258059591441231 0.039608897402557 0.0425342900085431 0.00309914345752508 -0.0191120973735869 -0.00853660913622246 922 46 348 250 1 1
-0.0839918475302536 0.164788922785276 -0.135896712890103 0.059964443811038 0.100425192011305 0.0323812756098481 -0.0179962390250168 -0.0204062014011876 0.155881700477648 -0.0911137217089062 0.0266148744270119 0.0309612572836938 -0.0397761370566777 0.144168264584787 0.0106203872181903 -0.0131235630838443 -0.0227595863556401 0.00840081957508855 0.00076829153032911 0.000553638537055456 947 59 139 613 1 1
-0.0293632468315823 0.0585366354350153 0.0884647298839986 -0.0743632565584605 -0.145220251027794 -0.00872958460570343 0.00210528451038367 -0.179642025465838 -0.0379760074936897 -0.163724767325492 0.079400190014214 0.0922263036883756 -0.168410852194133 -0.118632845797537 -0.0761919281011705 0.0396120856430927 -0.0847548717961724 -0.11838366321446 0.00421495118455246 0.00284845856797145 869 55 210 397 1 1
0.118453269477745 -0.00450775580190909 0.0554794288521797 0.179317417598586 -0.0203322009724785 0.0281473570294176 0.0489464237575506 0.0224779240065214 0.0253096438987968 0.136311716188301 0.203758315362496 0.243623711525026 0.0814857098527701 -0.0122354017380689 0.000180088017766516 0.048562162971811 -0.0204872192293683 0.0232224007249223 -0.000518874240359572 0.366047272324536 720 92 181 213 1 1
-0.0839267296141736 0.164598150825029 -0.132345391744892 0.0561173666637049 0.0923736703109616 0.0276547014404145 -0.0140006588313134 -0.00816965268451939 0.175229856130713 -0.101577898106072 0.0296549249464557 0.0347254755091396 -0.047113408275335 0.154040499658675 0.00417748180601452 -0.0124872456916665 0.00664192917075579 0.0320011388729106 -0.000104002625230479 0.00030708198964249 926 40 149 600 1 1
-0.0262864284198791 -0.0137861751363916 0.121412286413272 -0.0788756678536355 0.080545759579239 -0.0103279245647581 -0.177365697878463 -0.0109052001469861 0.117795845133071 0.209285709967038 -0.0455838961652781 -0.0322389978924941 -0.0474385087479385 0.0125761582387167 -0.290584440014023 -0.0619213341424909 -0.0803747446432829 0.0209684753152757 0.0187730562140197 0.00416521269237871 930 57 290 289 1 1
-0.00752347508845873 -0.0333151240748591 0.113392226767903 -0.0088034272501081 0.117196724728224 0.0663584257553114 -0.0350703185491909 0.11670635242611 -0.127433827950895 -0.25039351180986 -0.196352503170604 0.165536207511494 0.205467860483434 0.0346381466397795 -0.142079685974885 -0.011329849247179 -0.0100256291612045 -0.0153834083950103 0.00585366986975863 0.0268180797430012 842 58 343 263 1 1
-0.0284521854308234 -0.0379503709904797 0.111580190511813 -0.0688910105322017 0.143121427418114 -0.025384349764321 -0.151741139507661 0.0830893552739357 0.00612008213915455 0.0652511036479969 0.0285369980707433 0.0286265781098532 -0.158600421013726 -0.038138788219971 0.146720535059897 0.0143012703298473 0.00367904789686691 0.00502223785661549 -0.0274333252317191 -0.00940056954932438 926 49 340 279 1 1
-0.0370761842210729 0.0720030829510812 0.0685845974710587 -0.0765328408613381 -0.153417610501961 -0.0363835357070643 0.0207823223296483 -0.0944301577587363 -0.0807034769985362 -0.11681134471303 0.072048194398082 0.0945489963403924 -0.188967336332886 -0.0234942577763551 -0.121371610746242 0.0820695126398204 0.114674120075074 -0.141926453031556 -0.00215588098477832 -0.00262582527810871 884 54 195 431 1 1
-0.0841266621768894 0.164923224395606 -0.13075537262954 0.0534441480686767 0.086359170522404 0.0225061029784575 -0.00924444362538225 0.0117188997437161 0.194002781764125 -0.100413818556201 0.0247642570619205 0.0256885189212054 -0.0277556592850423 0.0979668230986654 0.0099521706059219 -0.0048291287612896 -0.0265792657738091 -0.0164644226294109 0.000733833380354095 9.23610212552168e-05 964 40 124 595 1 1
0.170452771744923 -0.00665797280597409 -0.00761483622019177 0.170237633691876 -0.0278376401010849 -0.149056562198378 -0.0615096998606814 -0.0109826402187257 -0.000426920626861767 0.00643032803038185 0.0322146610938812 0.0613317602779393 0.0308292295512436 -0.00761216921081854 0.000898730352275391 -0.0735529051523397 0.0191380549296844 -0.0190915234978427 0.000379877879682178 -0.260862723565314 708 111 142 140 1 1
0.185033320047288 -0.0072545148966081 -0.0245015411651277 0.155695237943808 -0.0275481819751829 -0.179948985536559 -0.0841374038609824 -0.0191943390536411 -0.0104978518052684 -0.051605669423419 -0.0680174610023821 -0.0755403911080818 -0.023639398296476 0.00328766752283182 -1.11249149784329e-05 -0.0141672518096703 0.00603772144621706 -0.00703454703713054 0.000158570511739509 -0.184929757367304 699 102 134 112 1 1
0.0338925287170909 -0.00296042110657717 0.0942157421268469 0.0787803465776046 0.00653630436988541 0.159406665429489 0.0906345461437413 0.0304346132432447 -0.00129931664657631 -0.00652438792503483 -0.0521325259455927 -0.0770679626507309 -0.0287358256968523 0.0130684404492691 -0.0112342882252896 -0.00574020137199057 0.00898622465317322 -0.0111880590867036 0.000557515398160994 -0.0961791164766101 838 63 240 244 1 1
0.0553889055623485 -0.00292420659330898 0.101564479811475 0.121171767550013 -0.000926023750867009 0.188240165481415 0.12464442043965 0.0424234941837031 0.0118055148310253 0.0548794066257892 0.00445213128794954 -0.0609039908399144 -0.0509990744852033 0.0257387571642507 -0.021158966898897 0.306828866437474 -0.0820583669423163 0.0768362900483587 0.000322315439844291 -0.126511610354111 744 105 266 259 1 1
-0.0582662916922465 0.111921213959846 -0.00448694898429023 -0.0551958667784061 -0.127376088540407 -0.0880052792679323 0.0699534676011519 0.199054913354325 -0.0641900723710079 0.0790047602744846 -0.0283521978372004 -0.0287617625400263 0.0233814421571554 -0.0062565080567282 -0.00067437915086795 -0.048354761965728 0.0259507231605107 0.18103449788331 0.000442726962880162 0.00411582003372559 945 48 168 501 1 1
-0.0813253346259363 -0.153101509033483 -0.0723439389894186 0.00332220341060774 0.0121036608059424 -0.0688116757721625 0.14356699021699 -0.0762126014928535 0.0557295964131703 0.0834320444800968 -0.197781552997606 0.132514557745677 -0.0724283724665129 -0.0170546396448997 0.0599084869655674 0.00798400411828739 0.00916828966473496 -7.11606809612963e-05 0.0219836258610889 -0.00165202968646526 970 53 540 164 1 1
-0.0536217433304328 -0.097278282290585 0.0374951646714771 -0.0446083795202277 0.146629383758274 -0.111293311049824 0.0993295956084243 0.00457504241214369 -0.0556890574506852 -0.0881284763682739 0.267268606773002 -0.182112739435409 0.080190591566207 0.0178601227296234 -0.0294989505279198 0.000620498999223258 0.00555371700333633 0.00089282119424104 0.100010797850584 -0.00328970072088838 951 42 400 236 1 1
-0.0503955437448211 0.0974656430129158 0.00660336540439326 -0.0506284466227779 -0.11457714092245 -0.0616329628311754 0.0484671972622468 0.0846339424588727 -0.0677755563336973 -0.0168918373821016 0.02506834294879 0.0433877163430248 -0.124608203800627 0.0281914481535745 -0.143346009127845 0.0367014678211401 0.464300818387085 0.275457349681988 -0.0126570187728174 -0.00437578657824138 877 52 162 522 1 1
-0.0285885785881665 0.029247325388854 0.114211387951358 -0.0874353030309168 -0.0571875426501847 -0.00681306630860714 -0.109570408880676 -0.163726954266991 0.135374204425847 0.141515230217045 -0.0618249653896441 -0.0882050275356822 0.306744586739678 0.118538324721473 0.0872086313001468 0.178192491372853 0.333620349525338 -0.197414931381417 -0.013930095934875 0.00527403479123899 970 40 263 354 1 1
-0.032226367939034 0.0634769400592362 0.081236561980405 -0.0757593086437364 -0.149503767825043 -0.0193853093036805 0.00906202318885529 -0.152076239305079 -0.0564219969281614 -0.154131348711943 0.0816472092848046 0.0999707353676473 -0.190618106251429 -0.0901117254338643 -0.106839301916683 0.0654490068632347 0.00227468851005687 -0.144779185017439 0.00171826449780762 0.000810598220059086 876 75 215 419 1 1
-0.0685711540311354 0.132953719822607 -0.0496566096078747 -0.0216073743997161 -0.0654590065172233 -0.0657548323119649 0.0600972660846346 0.21532859560052 0.0997639786270227 0.0279356632344868 -0.0362112646557334 -0.0589254734379794 0.102835668175702 -0.34763351361651 -0.00723063260227095 0.0324947037619333 -0.000376046388629452 -0.0581633001739385 -0.000387686844718379 -0.000570359920691171 974 47 164 532 1 1
-0.0277921137005486 -0.0224882806173787 0.118018116638872 -0.0794479271565055 0.10610117457059 -0.0206570400698526 -0.184976629147123 0.0212139348869364 0.105183259340417 0.217955063205948 -0.0201940275204954 -0.0272416678327922 -0.114660156852572 0.00295683146343743 -0.267042398372212 -0.0558986905309794 -0.085087501924699 -0.00774040340936464 0.0159689170085172 0.00132986884303275 958 45 328 290 1 1
-0.00925722764461747 -0.0329587303150167 0.114097084003361 -0.0143959537587443 0.11994761483588 0.0610995093763197 -0.0470732963029884 0.117885309414883 -0.125940665397148 -0.247107800557057 -0.19956189927779 0.173051223682209 0.199983591067572 0.0314497683268989 -0.133490105761323 -0.0241403690804947 -0.00677200077888179 -0.0166206047615682 0.00239191026548033 0.0378473725321304 865 72 331 266 1 1
-0.072162205108805 -0.134827805582938 -0.0286778166591158 -0.0194923788385629 0.0856562276663201 -0.121893756476065 0.197041258159115 -0.0756268509871222 0.0183394348385792 0.0165390649299322 0.0013042946224267 -0.0204764972578158 0.022829486125411 0.008611560117326 -0.0596574737181218 -0.0110465008991902 -0.0168644648421879 0.000200071997610116 -0.149029708981147 0.00254514426926932 930 47 474 185 1 1
-0.0865509112328348 0.169826701743992 -0.14090203457994 0.0628413839234293 0.105760598183884 0.0349584526943221 -0.0200290261366869 -0.0268738410459515 0.143473891513339 -0.0850744568830794 0.0251326497010548 0.0293228821377496 -0.0373806524753581 0.138170754919267 0.0112809091198926 -0.0127038908924202 -0.0266256004115022 0.00397181348981354 0.000876637854930822 0.000555160911270308 954 35 130 619 1 1
-0.10100617339396 -0.191587957632606 -0.145090776338594 0.0475482453000333 -0.143627860107399 0.110439545070401 -0.151122947530938 0.0524287925062328 -0.0207177115850387 -0.0281841753953308 0.0580657512242963 -0.0354913831961832 0.0176664740867376 0.00372113039812114 -0.00916016237033079 -0.000557079622496209 0.0013329487621304 -5.81158823568795e-05 0.0968196807500165 0.000617157069392013 981 46 624 119 1 1
0.0846659312590088 -0.00305642596300011 0.0838663649438046 0.152414836348065 -0.0121264291218434 0.124602217585468 0.0979883286589713 0.0324256096723991 0.0232035978211924 0.107469431401216 0.114807352262272 0.0876949621941608 0.00692975310161612 0.0046512692644689 -0.000292220687914464 0.154875185871902 -0.0402865523373721 0.0394327804727494 -0.000890484521170271 0.318896863882893 754 86 195 238 1 1
